

arroz: 2 x 5.500000 = 11.000000

feijao: 3 x 3.000000 = 9.000000

carne: 1 x 15.750000 = 15.750000

leite: 4 x 2.500000 = 10.000000